P7_R 0.05874407 501.7596 0.0
PRT_313_T -251.317967433 0.239896820 0.0000112950 
PRT_314_T -251.292298761 0.240556797 0.0000106890 
PRT_315_T -251.586351114 0.241068843 0.0000103820 
PRT_317_T -251.232620017 0.240397229 0.0000107746 
PRT_318_T -252.648616198 0.242199907 0.0000102870 
PRT_320_T -248.318808633 0.235249359 0.0000128970 
PRT_343_T -249.183019039 0.236078108 0.0000129710 
PRT_449_T -248.291451026 0.234993147 0.0000131630 
PRT_450_T -248.506534677 0.235773805 0.0000127110 
PRT_452_T -248.527405294 0.235959618 0.0000124980 
PRT_460_T -247.917423853 0.234297755 0.0000135960 
PRT_465_T -248.079410647 0.234477690 0.0000135210 
PRT_466_T -248.227089752 0.234806579 0.0000134300 
PRT_467_T -248.223699750 0.234794972 0.0000132930 
PRT_468_T -248.326045842 0.234842736 0.0000134580 
PRT_469_T -248.021569284 0.234107049 0.0000137990 
